#Kinovea Trajectory data export
#T X Y
#0:00:00:00 0,00 0,00 
#0:00:00:04 3,00 -1,00 
#0:00:00:08 3,00 -1,00 
#0:00:00:12 3,00 0,00 
#0:00:00:16 3,00 0,00 
#0:00:00:20 3,00 -1,00 
#0:00:00:24 3,00 -1,00 
#0:00:00:28 3,00 0,00 
#0:00:00:32 3,00 0,00 
#0:00:00:36 3,00 -1,00 
#0:00:00:40 3,00 -1,00 
#0:00:00:44 3,00 0,00 
#0:00:00:48 3,00 0,00 
#0:00:00:52 3,00 -1,00 
#0:00:00:56 3,00 -1,00 
#0:00:00:60 3,00 0,00 
#0:00:00:64 3,00 0,00 
#0:00:00:68 3,00 -1,00 
#0:00:00:72 3,00 -1,00 
#0:00:00:76 3,00 0,00 
#0:00:00:80 3,00 0,00 
#0:00:00:84 3,00 -1,00 
#0:00:00:88 3,00 -1,00 
#0:00:00:92 3,00 0,00 
#0:00:00:96 3,00 0,00 
0:00:01:00 8,00 1,00 
0:00:01:04 20,00 5,00 
0:00:01:08 31,00 8,00 
0:00:01:12 43,00 14,00 
0:00:01:16 57,00 17,00 
0:00:01:20 70,00 25,00 
0:00:01:24 81,00 30,00 
0:00:01:28 94,00 34,00 
0:00:01:32 108,00 43,00 
0:00:01:36 119,00 49,00 
0:00:01:40 134,00 54,00 
0:00:01:44 151,00 54,00 
0:00:01:48 164,00 63,00 
0:00:01:52 174,00 71,00 
0:00:01:56 187,00 76,00 
0:00:01:60 201,00 82,00 
0:00:01:64 214,00 89,00 
0:00:01:68 227,00 93,00 
0:00:01:72 242,00 98,00 
0:00:01:76 255,00 104,00 
0:00:01:80 266,00 109,00 
0:00:01:84 278,00 112,00 


