#Kinovea Trajectory data export
#T X Y
#0:00:00:00 0,00 0,00 
#0:00:00:04 0,00 -3,00 
#0:00:00:08 0,00 -2,00 
#0:00:00:12 0,00 -2,00 
#0:00:00:16 0,00 -3,00 
#0:00:00:20 0,00 -3,00 
#0:00:00:24 0,00 -2,00 
#0:00:00:28 0,00 -2,00 
#0:00:00:32 0,00 -3,00 
#0:00:00:36 0,00 -3,00 
#0:00:00:40 0,00 -2,00 
#0:00:00:44 0,00 -2,00 
#0:00:00:48 0,00 -3,00 
#0:00:00:52 0,00 -3,00 
#0:00:00:56 0,00 -2,00 
#0:00:00:60 0,00 -3,00 
#0:00:00:64 0,00 -3,00 
#0:00:00:68 0,00 -3,00 
#0:00:00:72 0,00 -3,00 
#0:00:00:76 0,00 -2,00 
#0:00:00:80 0,00 -3,00 
#0:00:00:84 0,00 -3,00 
#0:00:00:88 0,00 -3,00 
#0:00:00:92 0,00 -4,00 
#0:00:00:96 0,00 -3,00 
#0:00:01:00 0,00 -3,00 
#0:00:01:04 0,00 -4,00 
#0:00:01:08 0,00 -4,00 
#0:00:01:12 0,00 -3,00 
#0:00:01:16 0,00 -3,00 
#0:00:01:20 0,00 -4,00 
#0:00:01:24 0,00 -4,00 
#0:00:01:28 0,00 -3,00 
#0:00:01:32 0,00 -3,00 
#0:00:01:36 0,00 -4,00 
0:00:01:40 6,00 -2,00 
0:00:01:44 16,00 5,00 
0:00:01:48 26,00 5,00 
0:00:01:52 35,00 12,00 
0:00:01:56 45,00 16,00 
0:00:01:60 54,00 23,00 
0:00:01:64 61,00 33,00 
0:00:01:68 68,00 40,00 
0:00:01:72 78,00 44,00 
0:00:01:76 86,00 51,00 
0:00:01:80 94,00 57,00 
0:00:01:84 103,00 62,00 
0:00:01:88 110,00 70,00 
0:00:01:92 119,00 75,00 
0:00:01:96 127,00 81,00 
0:00:02:00 134,00 90,00 
0:00:02:04 142,00 94,00 
0:00:02:08 149,00 101,00 
0:00:02:12 159,00 103,00 
0:00:02:16 166,00 110,00 
0:00:02:20 173,00 114,00 
0:00:02:24 181,00 119,00 
0:00:02:28 188,00 123,00 


